Грошові кошти;None; 4.0; 21.0;525.0; 18.0;450.0; 330.0;8250.0; 269.0
;0.0;
Грошові кошти;None; 7.0; 40.0;571.4285714285714; 48.0;685.7142857142857; 104.0;1485.7142857142858; 271.0
;0.0;
Дебіторська заборгованість;None; 7.0; 10.0;142.85714285714286; 21.0;300.0; 122.0;1742.8571428571427; 51.0
;0.0;
Дебіторська заборгованість;None; 5.0; 17.0;340.0; 40.0;800.0; 63.0;1260.0; 526.0
;0.0;
Матеріальні обігові кошти;None; 396.0; 832.0;210.10101010101013; 1818.0;459.09090909090907; 6631.0;1674.4949494949494; 19426.0                                                    
;0.0;
Матеріальні обігові кошти;None; 2.0; 3.0;150.0; 3.0;150.0; 3.0;150.0; 6.0
;0.0;
Грошові кошти;None; 6.0; 58.0;966.6666666666666; 165.0;2750.0; 483.0;8050.0; 850.0
;0.0;
Дебіторська заборгованість;None; 1.0; 2.0;200.0; 12.0;1200.0; 25.0;2500.0; 119.0
;0.0;
Дебіторська заборгованість;None; 2.0; 1.0;50.0; 1.0;50.0; 0.3;15.0; 2.0
;0.0;
Дебіторська заборгованість;None; 54.0; 3.0;5.555555555555555; 3.0;5.555555555555555; 3.7;6.851851851851852; 2.0
;0.0;
Матеріальні обігові кошти;None; 0.1; 4.0;4000.0; 6.0;6000.0; 19.0;19000.0; 61.0
;0.0;
Грошові кошти;None; 15.0; 29.0;193.33333333333334; 30.0;200.0; 117.0;780.0; 821.0;0.0;
